0.000000000000000000e+00
0.000000000000000000e+00
0.000000000000000000e+00
2.116530677585661824e-01
5.495251922230708075e-02
6.495667339523052142e-02
7.607937027399309937e-02
7.734111741299466714e-02
8.072431204305260954e-02
7.992365309356783132e-02
7.987760702949456282e-02
8.275961527191734446e-02
7.771775639765494958e-02
7.508489694208524134e-02
7.545327862412402886e-02
6.542263051216415382e-02
4.946966185635180008e-02
5.161129421745356272e-01
1.147735749894625013e+00
1.278602528294957352e+00
1.328184310998485218e+00
1.305471180264930586e+00
1.214467827616618978e+00
1.181672995503330936e+00
1.159187624060366906e+00
1.148732282089941936e+00
1.165476948964425885e+00
1.185167172585227968e+00
1.194798154744054264e+00
1.198717881335211732e+00
1.196546025704640526e+00
1.200156631261730444e+00
1.201805710644221259e+00
1.202782412720984295e+00
1.206518283286301951e+00
1.206799281369149934e+00
1.209119458576848771e+00
1.210853362439024528e+00
1.213095139348701945e+00
1.212132363826708303e+00
1.211736020190435248e+00
1.208965164319019570e+00
1.077939176581264036e+00
8.758439688746292306e-01
8.428960818240510688e-01
8.531519138770750077e-01
8.847905502392633403e-01
9.172096759067944749e-01
9.529005433545000292e-01
9.782256617518414465e-01
1.000142928155159039e+00
1.013846158775292494e+00
1.031543607597403600e+00
1.040481067275193849e+00
1.048971160101149547e+00
1.057521069784218781e+00
1.061323405421106258e+00
1.066455170664596830e+00
1.069375605145280739e+00
1.074380671784982200e+00
1.028779563351820858e+00
9.062890538764778459e-01
8.370026632581942794e-01
7.843427006512657673e-01
7.527944623468943997e-01
7.271127150606627731e-01
7.092190277637648865e-01
6.960006231863238302e-01
7.022948699714596232e-01
8.070747192120986124e-01
9.554077851701813229e-01
1.052028950392205786e+00
1.097586193651061359e+00
1.138933686718552885e+00
1.174020686789012613e+00
1.197878382307298040e+00
1.219090273260268642e+00
1.232162160232279424e+00
1.240051135847939578e+00
1.250830598147269379e+00
1.258266914668378256e+00
1.263099280105398403e+00
1.266709715216683296e+00
1.251684158688576520e+00
1.078957507104240321e+00
9.579360457758365754e-01
8.843725557763331135e-01
8.300148691149836777e-01
7.918959098162470234e-01
7.674220531830219239e-01
7.480642613002194130e-01
7.333721070421128641e-01
7.235779987162125337e-01
7.153314525512796118e-01
7.110320825636408104e-01
7.077929517999493880e-01
7.060703469994302761e-01
7.035145343750007774e-01
7.000988623609494255e-01
6.987437387706039171e-01
6.995700975826916190e-01
6.987708284300220285e-01
6.953206895525405606e-01
6.942616919997928182e-01
6.913689325858320966e-01
6.893334706385502164e-01
6.878399998332204168e-01
6.867715343211447943e-01
6.871719770274742345e-01
6.873838353256680467e-01
6.867511389340722472e-01
6.874421610213120593e-01
