0.000000000000000000e+00
0.000000000000000000e+00
0.000000000000000000e+00
1.210552963393044384e-01
6.084638067163042341e-02
6.191207034984124585e-02
6.574561827390129620e-02
6.974333397542283042e-02
7.275714136091739059e-02
7.649867922139486076e-02
7.777853323238446970e-02
7.882252679925183525e-02
8.111695514054501066e-02
8.253988965680018886e-02
8.036981749004119824e-02
7.859171168697202947e-02
4.602358147849609088e-02
2.589608520807693548e-01
4.093482015054668022e-01
4.453851328282160682e-01
4.601598960600566945e-01
4.717428922676414893e-01
4.758274465434795819e-01
4.802583683547675397e-01
4.830626781944277748e-01
4.895273237909729125e-01
4.914112660963378398e-01
7.946497589761429836e-01
9.325515763924684398e-01
1.011392073154344651e+00
1.046787249881011128e+00
1.070274447387286498e+00
1.086505780224476414e+00
1.090724252573604280e+00
1.094986422123031433e+00
1.096801118320103408e+00
1.099854711947023445e+00
1.096742707891902535e+00
1.102148001926391618e+00
1.101032046947828080e+00
1.103668314332334477e+00
1.103587826427045560e+00
1.105671959789606973e+00
1.106304430049508625e+00
1.107042841900745644e+00
1.106771659515429773e+00
1.105120716983439833e+00
1.106901750290761433e+00
1.105109807985898529e+00
1.107724915346962158e+00
1.104525074330216627e+00
1.106943724898753922e+00
1.107616257754706846e+00
1.108934181071648428e+00
1.109803566468617664e+00
1.034289477043740524e+00
8.509201434204912706e-01
7.320853095438580871e-01
6.636313491922245511e-01
6.247601396041503330e-01
6.035256187992198429e-01
5.928298420719486650e-01
5.873181561349142266e-01
5.856359641066289923e-01
5.882760943870136705e-01
5.870294425407565075e-01
5.887983696403628064e-01
5.906141184105092590e-01
5.906663866886338043e-01
5.926588300559130218e-01
5.922276035434250741e-01
6.249845182539418564e-01
8.327503103251300276e-01
9.748983805229730626e-01
1.034475585695421085e+00
1.102191533008322288e+00
1.154476854676910635e+00
1.197966933187767147e+00
1.217205534681360835e+00
1.241625236324461312e+00
1.255587458257604760e+00
1.268978091629730853e+00
1.281382498006090165e+00
1.286056230602179440e+00
1.283023988269306415e+00
1.282146570153628096e+00
1.281975126146272403e+00
1.282617800149812970e+00
1.282747992794306402e+00
1.282993896639535114e+00
1.245516268644198732e+00
1.242530039348270554e+00
1.267076420129614744e+00
1.284938561976947780e+00
1.309336036853914642e+00
1.330084517321985516e+00
1.351086091363135511e+00
1.364191824206550940e+00
1.374034532509422313e+00
1.385934395562498533e+00
1.393636645878638891e+00
1.399668204952601247e+00
1.404572199559671830e+00
1.408216061048785939e+00
1.411476841860588305e+00
1.414650136766114619e+00
1.415064451099707687e+00
1.415911650516030296e+00
1.416701439508457172e+00
1.418379379601950374e+00
1.416667023134979386e+00
1.417326344795828863e+00
