0.000000000000000000e+00
0.000000000000000000e+00
0.000000000000000000e+00
1.812160441816142165e-01
4.263499012424168400e-02
4.964274390659308145e-02
5.752466025818719214e-02
6.574238274627841605e-02
7.453676659834550244e-02
7.849885913522866576e-02
7.831950144222145360e-02
7.569931086019450472e-02
7.391897933002578025e-02
6.824520278497910042e-02
6.439448110879755771e-02
6.630381685034827943e-02
5.959910729974859239e-02
6.964205745114707136e-02
3.962565555503432813e-01
4.627678530722186268e-01
4.902296037766924464e-01
5.095196113181462705e-01
5.206108510392631894e-01
5.267856415370287815e-01
5.325656865563060949e-01
5.374523739081429330e-01
5.389244975509754898e-01
5.412744181092385976e-01
5.437810398970697179e-01
5.406129620354898080e-01
5.435030207228395138e-01
5.448307720822446187e-01
5.431070058310240034e-01
5.502571366327752012e-01
9.066106235707936944e-01
1.090146064107697432e+00
1.179962970028291647e+00
1.206061324498742371e+00
1.232807497120402829e+00
1.244829105485746101e+00
1.256490628310952040e+00
1.263225766993049337e+00
1.271113582780729834e+00
1.289724614957990179e+00
1.300544613291071405e+00
1.307908226414631558e+00
1.309975143790583552e+00
1.315244551806346029e+00
1.319608363274483054e+00
1.324719764296212743e+00
1.324585906351709808e+00
1.326775825476111947e+00
1.327801760756438965e+00
1.328668159546025684e+00
1.332255977021229887e+00
1.334669266084373751e+00
1.330975541271350426e+00
1.207612941501317705e+00
9.613299110424520233e-01
8.540046605796033363e-01
7.870723468492679675e-01
7.344658281913540865e-01
6.812846947374991968e-01
6.402508219371726428e-01
6.149667193521870523e-01
5.958900324279128302e-01
5.824870704055661319e-01
5.689533661930611386e-01
5.647671809339656068e-01
5.552131596502414279e-01
5.527830276483794991e-01
5.475317667402407329e-01
5.419166193592535041e-01
5.419438663357984964e-01
5.398735993384796705e-01
5.387811283528334272e-01
5.385943303759508360e-01
5.320245293123656571e-01
5.110141369951667345e-01
4.944742890162270310e-01
4.952951936102537034e-01
5.005204325157014411e-01
5.033864280822596404e-01
5.080179065000663963e-01
5.103882350723994987e-01
5.181017401752100460e-01
5.224686321621753171e-01
5.271745972166897998e-01
5.284347043470174476e-01
5.282085980696915595e-01
5.291553742230381552e-01
5.272239347459021230e-01
5.279443939951641296e-01
5.275560327464009491e-01
5.295125728509851859e-01
5.293091354175519792e-01
5.290682638541809313e-01
6.502194986212603833e-01
8.257338951054699061e-01
9.914064729316857116e-01
1.069210758527970428e+00
1.133598124169449495e+00
1.194268892591933362e+00
1.234240854327536940e+00
1.258492561937972987e+00
1.278688764557400326e+00
1.293256172269984905e+00
1.303950675776906376e+00
1.312264630368248808e+00
1.318611889066599874e+00
1.324735174551110228e+00
1.329337602988042599e+00
